9.100000000000000000e+01 0.000000000000000000e+00
9.400000000000000000e+01 0.000000000000000000e+00
9.600000000000000000e+01 0.000000000000000000e+00
9.800000000000000000e+01 0.000000000000000000e+00
1.000000000000000000e+02 0.000000000000000000e+00
1.020000000000000000e+02 0.000000000000000000e+00
1.040000000000000000e+02 0.000000000000000000e+00
1.060000000000000000e+02 0.000000000000000000e+00
1.080000000000000000e+02 0.000000000000000000e+00
1.100000000000000000e+02 0.000000000000000000e+00
1.140000000000000000e+02 0.000000000000000000e+00
1.180000000000000000e+02 0.000000000000000000e+00
1.210000000000000000e+02 0.000000000000000000e+00
1.250000000000000000e+02 0.000000000000000000e+00
1.270000000000000000e+02 0.000000000000000000e+00
1.280000000000000000e+02 0.000000000000000000e+00
1.310000000000000000e+02 0.000000000000000000e+00
1.320000000000000000e+02 0.000000000000000000e+00
1.340000000000000000e+02 0.000000000000000000e+00
1.370000000000000000e+02 0.000000000000000000e+00
1.400000000000000000e+02 0.000000000000000000e+00
1.430000000000000000e+02 0.000000000000000000e+00
1.470000000000000000e+02 0.000000000000000000e+00
1.510000000000000000e+02 0.000000000000000000e+00
1.550000000000000000e+02 0.000000000000000000e+00
1.590000000000000000e+02 0.000000000000000000e+00
1.620000000000000000e+02 0.000000000000000000e+00
1.660000000000000000e+02 0.000000000000000000e+00
1.700000000000000000e+02 0.000000000000000000e+00
1.730000000000000000e+02 0.000000000000000000e+00
1.770000000000000000e+02 0.000000000000000000e+00
1.800000000000000000e+02 0.000000000000000000e+00
1.820000000000000000e+02 0.000000000000000000e+00
1.860000000000000000e+02 0.000000000000000000e+00
1.910000000000000000e+02 0.000000000000000000e+00
1.940000000000000000e+02 0.000000000000000000e+00
1.980000000000000000e+02 0.000000000000000000e+00
2.020000000000000000e+02 0.000000000000000000e+00
2.050000000000000000e+02 0.000000000000000000e+00
2.100000000000000000e+02 0.000000000000000000e+00
2.160000000000000000e+02 0.000000000000000000e+00
2.200000000000000000e+02 0.000000000000000000e+00
2.230000000000000000e+02 0.000000000000000000e+00
2.270000000000000000e+02 0.000000000000000000e+00
2.300000000000000000e+02 0.000000000000000000e+00
2.340000000000000000e+02 0.000000000000000000e+00
2.400000000000000000e+02 0.000000000000000000e+00
2.460000000000000000e+02 0.000000000000000000e+00
2.520000000000000000e+02 0.000000000000000000e+00
2.570000000000000000e+02 0.000000000000000000e+00
2.600000000000000000e+02 0.000000000000000000e+00
2.640000000000000000e+02 0.000000000000000000e+00
2.690000000000000000e+02 0.000000000000000000e+00
2.740000000000000000e+02 0.000000000000000000e+00
2.790000000000000000e+02 0.000000000000000000e+00
2.840000000000000000e+02 0.000000000000000000e+00
2.900000000000000000e+02 0.000000000000000000e+00
2.960000000000000000e+02 0.000000000000000000e+00
3.010000000000000000e+02 0.000000000000000000e+00
3.080000000000000000e+02 0.000000000000000000e+00
3.180000000000000000e+02 0.000000000000000000e+00
3.280000000000000000e+02 0.000000000000000000e+00
3.380000000000000000e+02 0.000000000000000000e+00
3.480000000000000000e+02 0.000000000000000000e+00
3.570000000000000000e+02 0.000000000000000000e+00
3.660000000000000000e+02 0.000000000000000000e+00
3.750000000000000000e+02 0.000000000000000000e+00
3.850000000000000000e+02 0.000000000000000000e+00
3.950000000000000000e+02 0.000000000000000000e+00
4.050000000000000000e+02 0.000000000000000000e+00
4.140000000000000000e+02 0.000000000000000000e+00
4.220000000000000000e+02 0.000000000000000000e+00
4.300000000000000000e+02 0.000000000000000000e+00
4.410000000000000000e+02 0.000000000000000000e+00
4.510000000000000000e+02 0.000000000000000000e+00
4.600000000000000000e+02 0.000000000000000000e+00
4.700000000000000000e+02 0.000000000000000000e+00
4.800000000000000000e+02 0.000000000000000000e+00
4.900000000000000000e+02 0.000000000000000000e+00
5.000000000000000000e+02 0.000000000000000000e+00
5.060000000000000000e+02 0.000000000000000000e+00
5.120000000000000000e+02 0.000000000000000000e+00
5.200000000000000000e+02 0.000000000000000000e+00
5.300000000000000000e+02 0.000000000000000000e+00
5.400000000000000000e+02 0.000000000000000000e+00
5.500000000000000000e+02 0.000000000000000000e+00
5.600000000000000000e+02 0.000000000000000000e+00
5.700000000000000000e+02 0.000000000000000000e+00
5.800000000000000000e+02 0.000000000000000000e+00
5.900000000000000000e+02 0.000000000000000000e+00
6.000000000000000000e+02 0.000000000000000000e+00
6.100000000000000000e+02 0.000000000000000000e+00
6.200000000000000000e+02 0.000000000000000000e+00
6.300000000000000000e+02 0.000000000000000000e+00
6.400000000000000000e+02 0.000000000000000000e+00
6.500000000000000000e+02 0.000000000000000000e+00
6.580000000000000000e+02 0.000000000000000000e+00
6.650000000000000000e+02 0.000000000000000000e+00
6.750000000000000000e+02 0.000000000000000000e+00
6.850000000000000000e+02 2.083294823506451130e+09
6.950000000000000000e+02 1.240103836274143982e+10
7.050000000000000000e+02 4.801172476875177002e+10
7.160000000000000000e+02 1.446721457791408997e+11
7.260000000000000000e+02 3.940464774138515625e+11
7.350000000000000000e+02 1.019552463787506470e+12
7.450000000000000000e+02 2.641042969451900879e+12
7.550000000000000000e+02 6.735973325765173828e+12
7.650000000000000000e+02 1.674836866518562891e+13
7.750000000000000000e+02 4.064674211351207031e+13
7.850000000000000000e+02 9.642155670805703125e+13
7.950000000000000000e+02 2.235769869828440625e+14
8.050000000000000000e+02 5.075866424557090000e+14
8.150000000000000000e+02 1.128235721348611250e+15
8.250000000000000000e+02 2.457117456656185000e+15
8.350000000000000000e+02 5.251033579600629000e+15
8.450000000000000000e+02 1.101960648092080400e+16
8.550000000000000000e+02 2.272793836689916000e+16
8.650000000000000000e+02 4.598137819892893600e+16
8.750000000000000000e+02 9.164427066141507200e+16
8.850000000000000000e+02 1.795861446366826240e+17
8.950000000000000000e+02 3.467115348350407680e+17
9.050000000000000000e+02 6.588673672660380160e+17
9.150000000000000000e+02 1.508826176397754624e+18
9.250000000000000000e+02 1.689964938999595972e+29
9.350000000000000000e+02 2.377894129716039149e+29
9.450000000000000000e+02 3.359228305130409842e+29
9.550000000000000000e+02 4.848945337341596699e+29
9.650000000000000000e+02 6.735973325765173608e+29
9.750000000000000000e+02 9.184332424669182237e+29
9.850000000000000000e+02 1.258018658949051366e+30
9.950000000000000000e+02 1.700713832604540387e+30
1.005000000000000000e+03 2.350424734947847890e+30
1.015000000000000000e+03 3.142658004349307247e+30
1.025000000000000000e+03 3.950019346231799500e+30
1.035000000000000000e+03 5.553595029221286438e+30
1.045000000000000000e+03 7.333134081595419622e+30
1.055000000000000000e+03 9.566515308400539112e+30
1.065000000000000000e+03 1.244084907979678985e+31
1.075000000000000000e+03 1.616713219617752367e+31
1.085000000000000000e+03 2.088072109553092878e+31
1.095000000000000000e+03 2.664133185344003652e+31
1.105000000000000000e+03 1.097183362045438399e+32
1.115000000000000000e+03 2.041493570598333891e+32
1.125000000000000000e+03 3.033178532447095605e+32
1.135000000000000000e+03 4.434913879965959508e+32
1.145000000000000000e+03 5.764591829614640486e+32
1.155000000000000000e+03 6.509052238549679565e+32
1.165000000000000000e+03 8.515512378139306668e+32
1.175000000000000000e+03 1.053789680455107270e+33
1.185000000000000000e+03 1.062548038207284039e+33
1.195000000000000000e+03 7.460528376172538366e+32
1.205000000000000000e+03 6.751897612587313670e+32
1.215000000000000000e+03 3.057064962680305434e+32
1.225000000000000000e+03 8.997222054509037625e+32
1.235000000000000000e+03 2.181627294633165082e+33
1.245000000000000000e+03 3.993014920651577449e+33
1.255000000000000000e+03 5.625254319920916313e+33
1.265000000000000000e+03 6.178623286990277767e+33
1.275000000000000000e+03 8.316458792862558138e+33
1.285000000000000000e+03 1.054984001966767725e+34
1.295000000000000000e+03 1.274341052941744862e+34
1.305000000000000000e+03 1.350379522517462734e+34
1.315000000000000000e+03 1.754856407799816170e+34
1.325000000000000000e+03 1.952317564394350260e+34
1.335000000000000000e+03 2.190783759555895144e+34
1.345000000000000000e+03 2.576549607822233952e+34
1.355000000000000000e+03 2.893841022753371548e+34
1.365000000000000000e+03 3.199985436909010713e+34
1.375000000000000000e+03 3.445219453969965556e+34
1.385000000000000000e+03 3.754548725490032911e+34
1.395000000000000000e+03 4.251784581511350941e+34
1.405000000000000000e+03 4.944491058274436539e+34
1.415000000000000000e+03 5.517765383871471750e+34
1.425000000000000000e+03 6.146774713345997265e+34
1.435000000000000000e+03 6.974837628097271885e+34
1.442000000000000000e+03 8.786225254115684137e+34
1.447000000000000000e+03 8.125367350996878581e+34
1.455000000000000000e+03 9.478931730878768812e+34
1.465000000000000000e+03 1.117088720573113252e+35
1.475000000000000000e+03 1.246871658173553337e+35
1.485000000000000000e+03 1.357545451587425766e+35
1.495000000000000000e+03 1.713851369232805744e+35
1.505000000000000000e+03 2.013626068659589086e+35
1.512000000000000000e+03 1.691955474852363342e+35
1.517000000000000000e+03 2.000886639201877069e+35
1.525000000000000000e+03 3.590130464051438315e+35
1.535000000000000000e+03 5.071885352851555413e+35
1.545000000000000000e+03 4.594156748187358297e+35
1.555000000000000000e+03 6.381657943972560841e+35
1.565000000000000000e+03 6.095020781174042128e+35
1.575000000000000000e+03 9.594382810339283294e+35
1.585000000000000000e+03 1.133013007395253255e+36
1.595000000000000000e+03 1.307782055268238527e+36
1.605000000000000000e+03 1.380237560308975054e+36
1.615000000000000000e+03 1.541470964383141535e+36
1.625000000000000000e+03 1.640599649850962294e+36
1.635000000000000000e+03 1.952715671564904007e+36
1.645000000000000000e+03 2.576151500651680436e+36
1.655000000000000000e+03 1.716638119426680157e+36
1.665000000000000000e+03 2.909367202404957849e+36
1.672000000000000000e+03 2.135844970019512594e+36
1.677000000000000000e+03 7.631714459510543012e+36
1.685000000000000000e+03 8.033802701769573845e+36
1.695000000000000000e+03 8.802149540937823033e+36
1.705000000000000000e+03 1.053789680455107169e+37
1.715000000000000000e+03 1.561376322910815973e+37
1.725000000000000000e+03 1.905739025439591454e+37
1.735000000000000000e+03 2.600037930884890446e+37
1.745000000000000000e+03 2.986599993492336502e+37
1.755000000000000000e+03 4.502592098960053915e+37
1.765000000000000000e+03 3.359626412300963146e+37
1.775000000000000000e+03 4.323443872210980191e+37
1.785000000000000000e+03 5.525727527282541958e+37
1.795000000000000000e+03 8.220913071929718713e+37
1.805000000000000000e+03 7.794938399437476099e+37
1.815000000000000000e+03 6.847443333520153188e+37
1.825000000000000000e+03 8.193045569990973366e+37
1.835000000000000000e+03 8.268685932396137554e+37
1.845000000000000000e+03 4.852926409047131397e+37
1.855000000000000000e+03 9.622250312278028641e+37
1.865000000000000000e+03 1.326094985113699191e+38
1.875000000000000000e+03 1.302208554880489487e+38
1.885000000000000000e+03 1.374265952750672427e+38
1.895000000000000000e+03 1.819747876600035840e+38
1.905000000000000000e+03 1.681604688417972291e+38
1.915000000000000000e+03 1.894193917493540053e+38
1.925000000000000000e+03 1.494892425428382244e+38
1.935000000000000000e+03 6.927064767630851886e+37
1.945000000000000000e+03 2.210291010913016783e+38
1.955000000000000000e+03 2.335694769637368389e+38
1.967000000000000000e+03 3.056268748339198547e+38
1.976000000000000000e+03 2.525591889991386234e+38
1.984000000000000000e+03 3.272440941949747557e+38
1.995000000000000000e+03 3.567438355329888929e+38
2.005000000000000000e+03 3.209938116172848007e+38
2.015000000000000000e+03 3.530414388468413642e+38
2.025000000000000000e+03 2.545895355689615067e+38
2.035000000000000000e+03 4.068655283056742091e+38
2.045000000000000000e+03 4.801172476875177290e+38
2.055000000000000000e+03 4.550364959426474078e+38
2.065000000000000000e+03 4.311500657094374773e+38
2.074000000000000000e+03 5.079847496262625472e+38
2.078000000000000000e+03 1.108330362820936302e+39
2.085000000000000000e+03 1.394569418448900694e+39
2.095000000000000000e+03 1.267573231042335284e+39
2.105000000000000000e+03 1.181582082202779897e+39
2.115000000000000000e+03 1.396559954301668516e+39
2.125000000000000000e+03 1.167648331233407412e+39
2.135000000000000000e+03 1.107136041309275911e+39
2.145000000000000000e+03 1.502456461668898493e+39
2.155000000000000000e+03 1.482949210311777165e+39
2.165000000000000000e+03 1.224577656622557591e+39
2.175000000000000000e+03 1.261999730654586290e+39
2.185000000000000000e+03 1.685187652952953690e+39
2.195000000000000000e+03 1.676827402371330350e+39
2.205000000000000000e+03 1.600390825625058996e+39
2.215000000000000000e+03 1.169240759915621368e+39
2.225000000000000000e+03 1.443138493256427684e+39
2.235000000000000000e+03 1.994516924473020885e+39
2.245000000000000000e+03 1.881056380865274697e+39
2.255000000000000000e+03 1.328881735307573914e+39
2.265000000000000000e+03 1.214226870188166580e+39
2.275000000000000000e+03 1.340824950424178880e+39
2.285000000000000000e+03 1.933208420207782557e+39
2.295000000000000000e+03 1.553016072329192699e+39
2.305000000000000000e+03 1.982175602185862808e+39
2.315000000000000000e+03 1.632239399269338702e+39
2.325000000000000000e+03 1.299023697516061577e+39
2.335000000000000000e+03 1.039855929485734874e+39
2.345000000000000000e+03 6.095020781174043740e+38
2.355000000000000000e+03 1.477375709924028171e+39
2.365000000000000000e+03 7.038534775385831007e+38
2.375000000000000000e+03 1.035078643439092857e+39
2.385000000000000000e+03 4.852926409047131585e+38
2.395000000000000000e+03 6.771802971114988244e+38
2.405000000000000000e+03 6.803651544759267346e+38
2.415000000000000000e+03 8.977316695981362860e+38
2.425000000000000000e+03 1.821738412452803284e+39
2.435000000000000000e+03 1.814970590553393899e+39
2.445000000000000000e+03 2.236964191340101059e+39
2.455000000000000000e+03 2.386254380297662596e+39
2.465000000000000000e+03 2.027161712458408323e+39
2.475000000000000000e+03 1.715841905085573005e+39
2.485000000000000000e+03 8.869827759931918626e+38
2.495000000000000000e+03 1.212236334335399212e+39
2.505000000000000000e+03 2.073740251413167189e+39
2.513000000000000000e+03 6.755878684292848693e+38
2.518000000000000000e+03 4.438894951671494201e+38
2.525000000000000000e+03 5.625254319920915661e+38
2.535000000000000000e+03 1.193525297319384862e+39
2.545000000000000000e+03 1.299023697516061577e+39
2.555000000000000000e+03 2.533155926231902747e+39
2.565000000000000000e+03 1.798250089390147220e+39
2.575000000000000000e+03 2.373913058010504218e+39
2.585000000000000000e+03 2.030744676993389496e+39
2.595000000000000000e+03 1.766401515745867212e+39
2.605000000000000000e+03 1.447119564961962421e+39
2.615000000000000000e+03 1.260805409142925749e+39
2.625000000000000000e+03 1.878269630671400049e+39
2.635000000000000000e+03 3.523646566569004560e+39
2.645000000000000000e+03 4.940509986568900928e+39
2.655000000000000000e+03 6.771802971114988546e+39
2.665000000000000000e+03 4.363254589266329975e+39
2.675000000000000000e+03 4.996244990446390866e+39
2.685000000000000000e+03 5.780516116436779605e+39
2.695000000000000000e+03 4.116428143523161801e+39
2.705000000000000000e+03 5.091790711379229984e+39
2.715000000000000000e+03 3.577789141764279637e+39
2.725000000000000000e+03 2.868362163837947693e+39
2.735000000000000000e+03 3.702794793318078283e+39
2.745000000000000000e+03 1.858762379314278722e+39
2.755000000000000000e+03 2.740569762090275004e+39
2.765000000000000000e+03 3.732254723939036603e+39
2.775000000000000000e+03 4.004958135768182529e+39
2.785000000000000000e+03 2.127086612267336044e+39
2.795000000000000000e+03 7.719298037032311155e+38
2.805000000000000000e+03 9.841209256082452374e+38
2.815000000000000000e+03 3.412972773155131812e+39
2.825000000000000000e+03 5.290844296655978296e+39
2.835000000000000000e+03 4.968377488507645595e+39
2.845000000000000000e+03 3.482243420831440519e+39
2.855000000000000000e+03 1.754060193458708834e+39
2.865000000000000000e+03 4.964396416802111160e+39
2.875000000000000000e+03 6.652370819948938592e+39
2.885000000000000000e+03 5.927815769541574831e+39
2.895000000000000000e+03 7.094269779263321852e+39
2.910000000000000000e+03 9.594382810339283898e+39
2.930000000000000000e+03 8.376174868445582581e+39
2.950000000000000000e+03 7.794938399437475381e+39
2.970000000000000000e+03 8.129348422702415012e+39
2.990000000000000000e+03 8.276648075807209029e+39
3.010000000000000000e+03 8.392099155267722736e+39
3.030000000000000000e+03 8.841960257993173657e+39
3.050000000000000000e+03 9.347556364596116329e+39
3.070000000000000000e+03 9.841209256082452676e+39
3.090000000000000000e+03 9.566515308400538627e+39
3.110000000000000000e+03 1.078870432199977619e+40
3.130000000000000000e+03 1.006414927159241001e+40
3.150000000000000000e+03 9.845190327787987715e+39
3.170000000000000000e+03 1.085638254099386943e+40
3.190000000000000000e+03 9.578458523517143743e+39
3.210000000000000000e+03 1.066529109912819120e+40
3.230000000000000000e+03 9.060919201797598372e+39
3.250000000000000000e+03 1.244881122320785835e+40
3.270000000000000000e+03 1.447915779303069428e+40
3.290000000000000000e+03 1.410891812441594293e+40
3.310000000000000000e+03 1.334455235695322757e+40
3.330000000000000000e+03 1.365905702169049080e+40
3.350000000000000000e+03 1.318929056043736348e+40
3.370000000000000000e+03 9.988508909187245485e+39
3.390000000000000000e+03 1.152122151581821124e+40
3.410000000000000000e+03 1.187553689761082244e+40
3.430000000000000000e+03 1.269563766895102592e+40
3.450000000000000000e+03 1.316540413020415324e+40
3.470000000000000000e+03 1.364711380657388568e+40
3.490000000000000000e+03 1.506039426203880027e+40
3.510000000000000000e+03 1.597604075431184469e+40
3.530000000000000000e+03 1.449906315155836948e+40
3.550000000000000000e+03 1.677623616712437298e+40
3.570000000000000000e+03 1.216217406040934039e+40
3.590000000000000000e+03 1.208255262629864204e+40
3.610000000000000000e+03 1.471005995195172411e+40
3.630000000000000000e+03 1.521565605855466437e+40
3.640000000000000000e+03 1.586457074655686602e+40
3.650000000000000000e+03 1.762420444040332415e+40
3.670000000000000000e+03 1.836866484933836431e+40
3.690000000000000000e+03 1.700713832604540281e+40
3.710000000000000000e+03 1.820145983770589510e+40
3.730000000000000000e+03 1.314549877167648047e+40
3.750000000000000000e+03 1.480162460117902759e+40
3.770000000000000000e+03 1.816164912065054471e+40
3.790000000000000000e+03 1.874288558965865071e+40
3.810000000000000000e+03 1.833283520398854896e+40
3.830000000000000000e+03 1.131420578713039164e+40
3.850000000000000000e+03 1.542267178724248397e+40
3.870000000000000000e+03 1.521565605855466437e+40
3.890000000000000000e+03 1.734951049272141131e+40
3.910000000000000000e+03 2.040299249086673528e+40
3.930000000000000000e+03 1.036671072121306933e+40
3.950000000000000000e+03 1.797851982219593535e+40
3.970000000000000000e+03 1.244084907979678827e+40
3.990000000000000000e+03 2.509667603169246864e+40
4.010000000000000000e+03 2.729024654144223875e+40
4.030000000000000000e+03 2.713896581663190727e+40
4.050000000000000000e+03 2.616360324877583969e+40
4.070000000000000000e+03 2.504094102781497810e+40
4.090000000000000000e+03 2.947585490778093877e+40
4.110000000000000000e+03 2.785953979533373720e+40
4.130000000000000000e+03 2.776797514610643373e+40
4.150000000000000000e+03 2.735792476043633199e+40
4.170000000000000000e+03 2.774010764416769088e+40
4.190000000000000000e+03 2.688815829918320708e+40
4.210000000000000000e+03 2.713896581663190727e+40
4.230000000000000000e+03 2.619943289412565263e+40
4.250000000000000000e+03 2.701157152205479087e+40
4.270000000000000000e+03 2.554653713441792077e+40
4.290000000000000000e+03 2.372320629328290202e+40
4.310000000000000000e+03 2.018403354706231057e+40
4.330000000000000000e+03 2.912950166939939282e+40
4.350000000000000000e+03 2.848058698139719358e+40
4.370000000000000000e+03 3.097273786906208434e+40
4.390000000000000000e+03 2.805063123719941423e+40
4.410000000000000000e+03 2.987396207833443298e+40
4.430000000000000000e+03 3.238203725282146873e+40
4.450000000000000000e+03 3.231834010553290811e+40
4.470000000000000000e+03 3.434072453194466913e+40
4.490000000000000000e+03 3.502546886529668613e+40
4.510000000000000000e+03 3.911004843517556822e+40
4.530000000000000000e+03 3.481447206490333632e+40
4.550000000000000000e+03 3.625562002230699619e+40
4.570000000000000000e+03 3.880350591384937749e+40
4.590000000000000000e+03 3.684481863472617226e+40
4.610000000000000000e+03 3.791572692351507593e+40
4.630000000000000000e+03 3.735041474132911493e+40
4.650000000000000000e+03 3.771667333823832883e+40
4.670000000000000000e+03 3.910606736347003077e+40
4.690000000000000000e+03 3.850890660763978945e+40
4.710000000000000000e+03 3.754548725490032458e+40
4.730000000000000000e+03 3.866814947586118617e+40
4.750000000000000000e+03 3.950815560572906243e+40
4.770000000000000000e+03 3.926929130339696977e+40
4.790000000000000000e+03 3.922151844293055414e+40
4.810000000000000000e+03 3.930910202045231533e+40
4.830000000000000000e+03 4.008939207473717326e+40
4.850000000000000000e+03 3.836558802624052806e+40
4.870000000000000000e+03 3.509314708429078420e+40
4.890000000000000000e+03 3.889507056307668096e+40
4.910000000000000000e+03 3.889905163478221358e+40
4.930000000000000000e+03 3.807895086344201494e+40
4.950000000000000000e+03 3.969128490418367421e+40
4.970000000000000000e+03 3.937279916774088078e+40
4.990000000000000000e+03 3.678112148743760680e+40
5.010000000000000000e+03 3.515684423157934482e+40
5.030000000000000000e+03 3.714339901264129291e+40
5.050000000000000000e+03 3.700008043124203635e+40
5.070000000000000000e+03 3.843724731694015876e+40
5.090000000000000000e+03 3.654225718510551414e+40
5.110000000000000000e+03 3.721903937504645623e+40
5.130000000000000000e+03 3.612424465602433749e+40
5.150000000000000000e+03 3.489409349901403710e+40
5.170000000000000000e+03 3.277616335166943032e+40
5.190000000000000000e+03 3.393067414627457222e+40
5.210000000000000000e+03 3.601675571997489386e+40
5.230000000000000000e+03 3.821828837313573404e+40
5.250000000000000000e+03 3.960370132666190336e+40
5.270000000000000000e+03 3.536784103197269463e+40
5.290000000000000000e+03 3.996995992357112693e+40
5.310000000000000000e+03 4.200030649339396286e+40
5.330000000000000000e+03 3.772463548164939407e+40
5.350000000000000000e+03 4.084579569878881612e+40
5.370000000000000000e+03 4.060693139645672346e+40
5.390000000000000000e+03 3.981071705534972054e+40
5.410000000000000000e+03 3.910606736347003077e+40
5.430000000000000000e+03 3.962360668518958581e+40
5.450000000000000000e+03 4.068655283056741940e+40
5.470000000000000000e+03 4.008939207473717326e+40
5.490000000000000000e+03 4.008939207473717326e+40
5.510000000000000000e+03 3.989033848946042615e+40
5.530000000000000000e+03 4.100503856701022251e+40
5.550000000000000000e+03 4.160219932284046382e+40
5.570000000000000000e+03 4.068655283056741940e+40
5.590000000000000000e+03 3.973507669294456206e+40
5.610000000000000000e+03 4.104484928406556322e+40
5.630000000000000000e+03 4.108466000112091361e+40
5.650000000000000000e+03 4.152257788872976304e+40
5.670000000000000000e+03 4.052730996234602269e+40
5.690000000000000000e+03 4.156238860578511343e+40
5.710000000000000000e+03 4.024863494295856997e+40
5.730000000000000000e+03 4.311500657094375438e+40
5.750000000000000000e+03 4.184106362517255647e+40
5.770000000000000000e+03 4.227898151278140590e+40
5.790000000000000000e+03 4.088560641584416651e+40
5.810000000000000000e+03 4.219936007867070996e+40
5.830000000000000000e+03 4.307519585388839915e+40
5.850000000000000000e+03 4.188087434222791170e+40
5.870000000000000000e+03 4.188087434222791170e+40
5.890000000000000000e+03 3.698017507271436358e+40
5.910000000000000000e+03 4.104484928406556322e+40
5.930000000000000000e+03 4.152257788872976304e+40
5.950000000000000000e+03 4.160219932284046382e+40
5.970000000000000000e+03 4.215954936161535958e+40
5.990000000000000000e+03 4.160219932284046382e+40
6.010000000000000000e+03 4.100503856701022251e+40
6.030000000000000000e+03 4.176144219106186537e+40
6.050000000000000000e+03 4.243822438100280262e+40
6.070000000000000000e+03 4.215954936161535958e+40
6.090000000000000000e+03 4.096522784995486728e+40
6.110000000000000000e+03 4.100503856701022251e+40
6.130000000000000000e+03 3.905829450300361514e+40
6.150000000000000000e+03 4.016901350884787403e+40
6.170000000000000000e+03 3.831383409406857497e+40
6.190000000000000000e+03 4.044768852823531708e+40
6.210000000000000000e+03 4.016901350884787403e+40
6.230000000000000000e+03 3.907023771812022267e+40
6.250000000000000000e+03 3.793165121033722092e+40
6.270000000000000000e+03 3.955592846619548290e+40
6.290000000000000000e+03 4.008939207473717326e+40
6.310000000000000000e+03 3.918568879758073638e+40
6.330000000000000000e+03 3.965943633053939390e+40
6.350000000000000000e+03 3.993014920651577654e+40
6.370000000000000000e+03 3.973507669294456206e+40
6.390000000000000000e+03 4.000977064062647248e+40
6.410000000000000000e+03 3.919365094099180645e+40
6.430000000000000000e+03 3.948028810379032441e+40
6.450000000000000000e+03 3.929715880533571263e+40
6.470000000000000000e+03 3.908616200494236283e+40
6.490000000000000000e+03 3.834170159600732266e+40
6.510000000000000000e+03 3.954796632278441765e+40
6.530000000000000000e+03 3.967137954565600144e+40
6.550000000000000000e+03 3.854473625298960239e+40
6.570000000000000000e+03 3.599685036144722592e+40
6.590000000000000000e+03 3.893488128013203135e+40
6.610000000000000000e+03 3.937678023944641340e+40
6.630000000000000000e+03 3.918568879758073638e+40
6.650000000000000000e+03 3.916578343905306360e+40
6.670000000000000000e+03 3.842928517352909351e+40
6.690000000000000000e+03 3.899061628400952189e+40
6.710000000000000000e+03 3.765695726265530566e+40
6.730000000000000000e+03 3.848502017740657922e+40
6.750000000000000000e+03 3.790378370839847323e+40
6.770000000000000000e+03 3.804710228979773463e+40
6.790000000000000000e+03 3.775250298358814659e+40
6.810000000000000000e+03 3.778037048552689428e+40
6.830000000000000000e+03 3.814662908243610818e+40
6.850000000000000000e+03 3.730264188086269446e+40
6.870000000000000000e+03 3.775250298358814659e+40
6.890000000000000000e+03 3.819440194290252864e+40
6.910000000000000000e+03 3.801127264444791686e+40
6.930000000000000000e+03 3.776444619870474929e+40
6.950000000000000000e+03 3.761714654559995527e+40
6.970000000000000000e+03 3.795553764057042632e+40
6.990000000000000000e+03 3.766491940606637090e+40
7.010000000000000000e+03 3.709562615217487728e+40
7.030000000000000000e+03 3.777240834211581453e+40
7.050000000000000000e+03 3.797146192739256647e+40
7.070000000000000000e+03 3.723894473357413384e+40
7.090000000000000000e+03 3.640690074711732283e+40
7.110000000000000000e+03 3.566244033818228266e+40
7.130000000000000000e+03 3.498565814824133574e+40
7.150000000000000000e+03 3.486224492536975679e+40
7.170000000000000000e+03 3.532006817150627416e+40
7.190000000000000000e+03 3.445219453969965505e+40
7.210000000000000000e+03 3.511305244281845698e+40
7.230000000000000000e+03 3.579779677617047398e+40
7.250000000000000000e+03 3.597694500291954347e+40
7.270000000000000000e+03 3.613220679943540757e+40
7.290000000000000000e+03 3.555893247383837649e+40
7.310000000000000000e+03 3.623571466377932341e+40
7.330000000000000000e+03 3.629144966765681395e+40
7.350000000000000000e+03 3.637903324517857514e+40
7.370000000000000000e+03 3.701998578976970913e+40
7.390000000000000000e+03 3.637107110176750506e+40
7.410000000000000000e+03 3.594111535756973538e+40
7.430000000000000000e+03 3.662984076262728016e+40
7.450000000000000000e+03 3.671344326844351356e+40
7.470000000000000000e+03 3.691249685372026550e+40
7.490000000000000000e+03 3.671344326844351356e+40
7.510000000000000000e+03 3.697221292930328866e+40
7.530000000000000000e+03 3.723098259016306860e+40
7.550000000000000000e+03 3.736235795644571763e+40
7.570000000000000000e+03 3.706775865023612959e+40
7.590000000000000000e+03 3.669353790991584562e+40
7.610000000000000000e+03 3.659799218898300469e+40
7.630000000000000000e+03 3.633126038471215467e+40
7.650000000000000000e+03 3.602471786338596394e+40
7.670000000000000000e+03 3.466319134009300485e+40
7.690000000000000000e+03 3.553902711531069404e+40
7.710000000000000000e+03 3.487418814048635949e+40
7.730000000000000000e+03 3.503343100870775620e+40
7.750000000000000000e+03 3.474679384590924308e+40
7.770000000000000000e+03 3.525637102421771838e+40
7.790000000000000000e+03 3.533997353003394694e+40
7.810000000000000000e+03 3.530414388468413884e+40
7.830000000000000000e+03 3.493788528777491527e+40
7.850000000000000000e+03 3.463532383815425716e+40
7.870000000000000000e+03 3.515684423157934482e+40
7.890000000000000000e+03 3.459551312109890677e+40
7.910000000000000000e+03 3.395854164821331991e+40
7.930000000000000000e+03 3.395456057650778245e+40
7.950000000000000000e+03 3.365996127029819442e+40
7.970000000000000000e+03 3.463532383815425716e+40
7.990000000000000000e+03 3.461541847962658922e+40
8.010000000000000000e+03 3.460745633621551914e+40
8.030000000000000000e+03 3.460745633621551914e+40
8.050000000000000000e+03 3.448006204163839790e+40
8.070000000000000000e+03 3.453977811722142107e+40
8.090000000000000000e+03 3.403418201061847839e+40
8.110000000000000000e+03 3.426110309783397319e+40
8.130000000000000000e+03 3.467911562691514501e+40
8.150000000000000000e+03 3.469105884203174770e+40
8.170000000000000000e+03 3.473086955908709809e+40
8.190000000000000000e+03 3.350868054548786778e+40
8.210000000000000000e+03 3.394659843309670754e+40
8.230000000000000000e+03 3.424517881101183303e+40
8.250000000000000000e+03 3.432878131682806643e+40
8.270000000000000000e+03 3.467911562691514501e+40
8.290000000000000000e+03 3.444423239628858014e+40
8.310000000000000000e+03 3.353654804742660580e+40
8.330000000000000000e+03 3.323000552610041507e+40
8.350000000000000000e+03 3.345294554161037240e+40
8.370000000000000000e+03 3.356839662107089095e+40
8.390000000000000000e+03 3.236213189429379595e+40
8.410000000000000000e+03 3.348877518696018533e+40
8.430000000000000000e+03 3.213521080707829632e+40
8.450000000000000000e+03 3.209540009002294594e+40
8.470000000000000000e+03 3.203170294273439015e+40
8.490000000000000000e+03 3.182866828575210559e+40
8.510000000000000000e+03 3.039946354346504843e+40
8.530000000000000000e+03 3.158980398342000810e+40
8.550000000000000000e+03 2.727830332632563121e+40
8.570000000000000000e+03 3.253729904933732799e+40
8.590000000000000000e+03 3.223871867142220733e+40
8.610000000000000000e+03 3.230639689041630057e+40
8.630000000000000000e+03 3.269654191755872954e+40
8.650000000000000000e+03 3.248952618887091236e+40
8.670000000000000000e+03 2.790731265580015767e+40
8.690000000000000000e+03 3.148629611907609709e+40
8.710000000000000000e+03 3.254526119274839807e+40
8.730000000000000000e+03 3.266867441561998669e+40
8.750000000000000000e+03 3.228649153188862780e+40
8.770000000000000000e+03 3.268061763073658939e+40
8.790000000000000000e+03 3.260497726833142123e+40
8.810000000000000000e+03 3.186847900280745598e+40
8.830000000000000000e+03 3.214715402219490386e+40
8.850000000000000000e+03 3.251739369080966005e+40
8.870000000000000000e+03 3.182866828575210559e+40
8.890000000000000000e+03 3.250545047569304768e+40
8.910000000000000000e+03 3.267663655903105676e+40
8.930000000000000000e+03 3.200383544079564246e+40
8.950000000000000000e+03 3.190430864815726891e+40
8.970000000000000000e+03 3.202772187102885753e+40
8.990000000000000000e+03 3.209540009002294594e+40
9.010000000000000000e+03 3.083738143107389786e+40
9.030000000000000000e+03 3.173312256481926466e+40
9.050000000000000000e+03 3.229445367529969788e+40
9.070000000000000000e+03 3.193615722180154922e+40
9.090000000000000000e+03 3.097273786906208434e+40
9.110000000000000000e+03 3.131511003573809284e+40
9.130000000000000000e+03 3.175302792334693744e+40
9.150000000000000000e+03 3.156193648148126041e+40
9.170000000000000000e+03 3.152212576442591002e+40
9.190000000000000000e+03 3.178885756869675520e+40
9.210000000000000000e+03 3.093292715200673879e+40
9.230000000000000000e+03 3.070600606479124400e+40
9.250000000000000000e+03 3.060647927215286561e+40
9.270000000000000000e+03 3.065823320432482353e+40
9.290000000000000000e+03 3.046316069075360905e+40
9.310000000000000000e+03 3.073387356672998685e+40
9.330000000000000000e+03 3.058259284191965538e+40
9.350000000000000000e+03 3.040742568687611851e+40
9.370000000000000000e+03 2.992969708221192352e+40
9.390000000000000000e+03 3.034372853958756272e+40
9.410000000000000000e+03 2.958732491553591502e+40
9.430000000000000000e+03 3.024420174694918917e+40
9.450000000000000000e+03 2.968287063646875595e+40
9.470000000000000000e+03 3.020040995818830132e+40
9.490000000000000000e+03 3.020040995818830132e+40
9.510000000000000000e+03 3.001728065973369438e+40
9.530000000000000000e+03 2.996154565585620383e+40
9.550000000000000000e+03 2.917727452986581328e+40
9.570000000000000000e+03 2.943604419072558838e+40
9.590000000000000000e+03 2.990182958027318067e+40
9.610000000000000000e+03 2.942808204731451831e+40
9.630000000000000000e+03 2.943604419072558838e+40
9.650000000000000000e+03 2.879509164613445439e+40
9.670000000000000000e+03 2.880703486125106193e+40
9.690000000000000000e+03 2.923699060544883644e+40
9.710000000000000000e+03 2.895831558606138857e+40
9.730000000000000000e+03 2.875129985737357138e+40
9.750000000000000000e+03 2.863584877791305768e+40
9.770000000000000000e+03 2.869954592520161830e+40
9.790000000000000000e+03 2.821385517712634840e+40
9.810000000000000000e+03 2.891054272559496810e+40
9.830000000000000000e+03 2.867167842326287061e+40
9.850000000000000000e+03 2.882694021977873954e+40
9.870000000000000000e+03 2.856817055891895960e+40
9.890000000000000000e+03 2.850845448333593644e+40
9.910000000000000000e+03 2.819793089030420825e+40
9.930000000000000000e+03 2.827357125270937157e+40
9.950000000000000000e+03 2.826162803759276887e+40
9.970000000000000000e+03 2.824570375077062871e+40
9.990000000000000000e+03 2.812627159960458238e+40
1.002500000000000000e+04 2.783167229339499435e+40
1.007500000000000000e+04 2.742162190772489261e+40
1.012500000000000000e+04 2.744948940966363546e+40
1.017500000000000000e+04 2.705138223911013642e+40
1.022500000000000000e+04 2.696379866158837040e+40
1.027500000000000000e+04 2.689612044259427232e+40
1.032500000000000000e+04 2.638256219258025957e+40
1.037500000000000000e+04 2.615166003365923700e+40
1.042500000000000000e+04 2.616360324877583969e+40
1.047500000000000000e+04 2.584113644062750397e+40
1.052500000000000000e+04 2.580132572357215842e+40
1.057500000000000000e+04 2.543108605495740223e+40
1.062500000000000000e+04 2.526786211503046806e+40
1.067500000000000000e+04 2.477819029524967037e+40
1.072500000000000000e+04 2.475430386501646014e+40
1.077500000000000000e+04 2.447562884562901226e+40
1.082500000000000000e+04 2.410140810530872345e+40
1.087500000000000000e+04 2.402974881460909759e+40
1.092500000000000000e+04 2.398993809755374237e+40
1.097500000000000000e+04 2.371524414987183194e+40
1.102500000000000000e+04 2.373116843669397210e+40
1.107500000000000000e+04 2.360775521382238831e+40
1.112500000000000000e+04 2.336092876807922075e+40
1.117500000000000000e+04 2.307429160528070279e+40
1.122500000000000000e+04 2.301457552969767962e+40
1.127500000000000000e+04 2.260452514402757305e+40
1.132500000000000000e+04 2.248907406456705934e+40
1.137500000000000000e+04 2.219447475835747131e+40
1.142500000000000000e+04 2.187997009362021050e+40
1.147500000000000000e+04 2.209892903742463521e+40
1.152500000000000000e+04 2.197551581455304659e+40
1.157500000000000000e+04 2.163314364787704051e+40
1.162500000000000000e+04 2.124299862073461154e+40
1.167500000000000000e+04 2.118726361685712342e+40
1.172500000000000000e+04 2.130669576802317216e+40
1.177500000000000000e+04 2.082498609165344214e+40
1.182500000000000000e+04 2.068166751025418316e+40
1.187500000000000000e+04 2.034327641528370970e+40
1.192500000000000000e+04 2.062991357808222766e+40
1.197500000000000000e+04 1.985758566720844464e+40
1.202500000000000000e+04 2.015616604512356771e+40
1.207500000000000000e+04 1.990535852767486027e+40
1.212500000000000000e+04 1.986156673891397968e+40
1.217500000000000000e+04 1.984962352379737215e+40
1.222500000000000000e+04 1.967047529704830024e+40
1.227500000000000000e+04 1.947938385518261837e+40
1.232500000000000000e+04 1.934402741719443189e+40
1.237500000000000000e+04 1.922857633773391577e+40
1.242500000000000000e+04 1.901757953734056355e+40
1.247500000000000000e+04 1.896184453346307300e+40
1.252500000000000000e+04 1.873492344624758063e+40
1.257500000000000000e+04 1.866724522725348739e+40
1.262500000000000000e+04 1.852392664585422841e+40
1.267500000000000000e+04 1.832487306057747889e+40
1.272500000000000000e+04 1.829302448693320099e+40
1.277500000000000000e+04 1.822932733964464037e+40
1.282500000000000000e+04 1.754060193458708834e+40
1.287500000000000000e+04 1.783520124079667637e+40
1.292500000000000000e+04 1.761624229699225165e+40
1.297500000000000000e+04 1.771975016133616024e+40
1.302500000000000000e+04 1.749282907412066787e+40
1.307500000000000000e+04 1.750079121753174037e+40
1.312500000000000000e+04 1.715841905085573187e+40
1.317500000000000000e+04 1.709472190356717124e+40
1.322500000000000000e+04 1.710268404697824374e+40
1.327500000000000000e+04 1.680808474076865571e+40
1.332500000000000000e+04 1.684391438611846864e+40
1.337500000000000000e+04 1.668467151789706950e+40
1.342500000000000000e+04 1.671253901983581477e+40
1.347500000000000000e+04 1.657718258184762346e+40
1.352500000000000000e+04 1.648959900432585744e+40
1.357500000000000000e+04 1.622684827176054730e+40
1.362500000000000000e+04 1.611935933571110367e+40
1.367500000000000000e+04 1.612732147912217133e+40
1.372500000000000000e+04 1.611139719230003601e+40
1.377500000000000000e+04 1.599594611283951988e+40
1.382500000000000000e+04 1.596011646748970695e+40
1.387500000000000000e+04 1.577698716903509517e+40
1.392500000000000000e+04 1.579689252756277036e+40
1.397500000000000000e+04 1.573717645197974478e+40
1.402500000000000000e+04 1.548238786282550955e+40
1.407500000000000000e+04 1.556599036864174295e+40
1.412500000000000000e+04 1.536693678336499343e+40
1.417500000000000000e+04 1.543461500235908908e+40
1.422500000000000000e+04 1.517584534149931398e+40
1.427500000000000000e+04 1.492503782405061137e+40
1.432500000000000000e+04 1.514001569614950105e+40
1.437500000000000000e+04 1.513603462444396601e+40
1.442500000000000000e+04 1.472996531047939689e+40
1.447500000000000000e+04 1.497281068451703184e+40
1.452500000000000000e+04 1.473792745389046939e+40
1.457000000000000000e+04 1.477773817094581736e+40
1.462000000000000000e+04 1.476579495582921224e+40
1.467500000000000000e+04 1.470607888024618908e+40
1.472500000000000000e+04 1.446721457791408917e+40
1.477500000000000000e+04 1.449110100814729940e+40
1.482500000000000000e+04 1.446721457791408917e+40
1.487500000000000000e+04 1.426019884922627199e+40
1.492500000000000000e+04 1.449906315155836948e+40
1.497500000000000000e+04 1.429602849457608492e+40
1.502500000000000000e+04 1.406114526394952246e+40
1.507500000000000000e+04 1.398550490154435914e+40
1.512500000000000000e+04 1.419252063023217633e+40
1.517500000000000000e+04 1.415669098488236339e+40
1.522500000000000000e+04 1.408901276588826774e+40
1.527500000000000000e+04 1.412484241123808067e+40
1.532500000000000000e+04 1.400939133177756696e+40
1.537500000000000000e+04 1.405716419224398742e+40
1.542500000000000000e+04 1.402133454689417208e+40
1.547500000000000000e+04 1.398550490154435914e+40
1.552500000000000000e+04 1.379441345967867970e+40
1.557500000000000000e+04 1.346000343641374128e+40
1.562500000000000000e+04 1.367100023680709592e+40
1.567500000000000000e+04 1.349583308176355663e+40
1.572500000000000000e+04 1.361924630463514041e+40
1.577500000000000000e+04 1.295042625810526598e+40
1.582500000000000000e+04 1.318132841702629340e+40
1.587500000000000000e+04 1.293450197128312583e+40
1.592500000000000000e+04 1.323706342090378394e+40
1.597500000000000000e+04 1.303800983562703442e+40
1.605000000000000000e+04 1.304597197903810692e+40
1.615000000000000000e+04 1.288672911081670536e+40
1.625000000000000000e+04 1.277127803135619166e+40
1.635000000000000000e+04 1.283895625035028732e+40
1.645000000000000000e+04 1.223781442281450613e+40
1.655000000000000000e+04 1.245677336661892843e+40
1.665000000000000000e+04 1.199098797707133856e+40
1.675000000000000000e+04 1.191534761466617283e+40
1.685000000000000000e+04 1.150131615729053605e+40
1.695000000000000000e+04 1.163667259527872495e+40
1.705000000000000000e+04 1.124652756813629840e+40
1.715000000000000000e+04 1.114301970379238739e+40
1.725000000000000000e+04 1.090017432975475486e+40
1.735000000000000000e+04 1.052993466114000230e+40
1.745000000000000000e+04 1.052993466114000230e+40
1.755000000000000000e+04 1.031097571733557879e+40
1.765000000000000000e+04 1.018756249446399380e+40
1.775000000000000000e+04 9.948698192131896306e+39
1.785000000000000000e+04 9.841209256082452676e+39
1.795000000000000000e+04 9.662061029333378349e+39
1.805000000000000000e+04 9.423196727001280857e+39
1.815000000000000000e+04 9.232105285135600204e+39
1.825000000000000000e+04 9.108692062264017629e+39
1.835000000000000000e+04 8.957411337453687364e+39
1.845000000000000000e+04 8.754376680471405221e+39
1.855000000000000000e+04 8.670774174655169407e+39
1.865000000000000000e+04 8.443853087439677032e+39
1.875000000000000000e+04 8.220913071929718486e+39
1.885000000000000000e+04 8.212950928518647200e+39
1.895000000000000000e+04 7.906408407192456467e+39
1.905000000000000000e+04 7.986029841303154825e+39
1.915000000000000000e+04 7.822805901376220652e+39
1.925000000000000000e+04 7.715316965326777023e+39
1.935000000000000000e+04 7.496358021522353516e+39
1.945000000000000000e+04 7.289342292834535126e+39
1.955000000000000000e+04 7.305266579656675281e+39
1.965000000000000000e+04 7.189815500196160365e+39
1.975000000000000000e+04 6.998724058330482130e+39
1.985000000000000000e+04 6.927064767630852641e+39
1.995000000000000000e+04 6.831519046698012919e+39
2.005000000000000000e+04 6.799670473053732609e+39
2.015000000000000000e+04 6.700143680415359057e+39
2.025000000000000000e+04 6.517014381960750900e+39
2.035000000000000000e+04 6.413506517616841100e+39
2.045000000000000000e+04 6.393601159089165906e+39
2.055000000000000000e+04 6.278150079628650990e+39
2.065000000000000000e+04 6.150755785051533376e+39
2.075000000000000000e+04 6.071134350940833809e+39
2.085000000000000000e+04 5.971607558302459048e+39
2.095000000000000000e+04 5.844213263725339016e+39
2.105000000000000000e+04 5.812364690081059915e+39
2.115000000000000000e+04 5.704875754031616285e+39
2.125000000000000000e+04 5.617292176509846641e+39
2.135000000000000000e+04 5.569519316043426176e+39
2.145000000000000000e+04 5.481935738521657740e+39
2.155000000000000000e+04 5.390371089294352452e+39
2.165000000000000000e+04 5.258995723011698590e+39
2.175000000000000000e+04 5.199279647428673613e+39
2.185000000000000000e+04 5.135582500140114201e+39
2.195000000000000000e+04 5.075866424557090433e+39
2.205000000000000000e+04 4.932547843157830850e+39
2.215000000000000000e+04 4.940509986568900928e+39
2.225000000000000000e+04 4.809134620286247065e+39
2.235000000000000000e+04 4.757380688114292166e+39
2.245000000000000000e+04 4.693683540825732754e+39
2.255000000000000000e+04 4.637948536948242815e+39
2.265000000000000000e+04 4.538421744309868659e+39
2.275000000000000000e+04 4.514535314076659031e+39
2.285000000000000000e+04 4.418989593143819913e+39
2.295000000000000000e+04 3.882341127237705268e+39
2.305000000000000000e+04 4.080598498173346452e+39
2.315000000000000000e+04 4.032825637706927800e+39
2.325000000000000000e+04 3.575798605911512117e+39
2.335000000000000000e+04 3.771667333823833124e+39
2.345000000000000000e+04 3.721107723163538615e+39
2.355000000000000000e+04 3.312649766175650527e+39
2.365000000000000000e+04 3.542357603585018154e+39
2.375000000000000000e+04 3.473883170249817180e+39
2.385000000000000000e+04 3.152610683613144869e+39
2.395000000000000000e+04 3.328175945827236815e+39
2.405000000000000000e+04 3.311853551834543398e+39
2.415000000000000000e+04 3.041538783028718858e+39
2.425000000000000000e+04 3.166544434582516900e+39
2.435000000000000000e+04 3.150620147760377349e+39
2.445000000000000000e+04 2.986599993492336653e+39
2.455000000000000000e+04 2.967490849305768588e+39
2.465000000000000000e+04 3.043529318881486378e+39
2.475000000000000000e+04 2.940419561708130445e+39
2.485000000000000000e+04 2.814617695813225879e+39
2.495000000000000000e+04 2.880703486125106072e+39
2.505000000000000000e+04 2.926485810738757809e+39
2.515000000000000000e+04 2.718275760539279330e+39
2.525000000000000000e+04 2.796702873138318204e+39
2.535000000000000000e+04 2.785953979533374083e+39
2.545000000000000000e+04 2.720266296392046850e+39
2.555000000000000000e+04 2.677270721972268854e+39
2.565000000000000000e+04 2.675678293290055201e+39
2.575000000000000000e+04 2.677270721972268854e+39
2.585000000000000000e+04 2.555449927782898722e+39
2.595000000000000000e+04 2.576549607822234307e+39
2.605000000000000000e+04 2.585706072744964775e+39
2.615000000000000000e+04 2.528776747355814446e+39
2.625000000000000000e+04 2.479013351036627368e+39
2.635000000000000000e+04 2.492548994835446439e+39
2.645000000000000000e+04 2.470254993284450464e+39
2.655000000000000000e+04 2.427259418864672468e+39
2.665000000000000000e+04 2.379088451227699647e+39
2.675000000000000000e+04 2.413325667895300437e+39
2.685000000000000000e+04 2.380680879909913602e+39
2.695000000000000000e+04 2.318974268474121408e+39
2.705000000000000000e+04 2.320964804326889229e+39
2.715000000000000000e+04 2.293097302388144260e+39
2.725000000000000000e+04 2.279561658589325189e+39
2.735000000000000000e+04 2.224224761882389117e+39
2.745000000000000000e+04 2.223428547541281988e+39
2.755000000000000000e+04 2.206309939207481744e+39
2.765000000000000000e+04 2.170082186687113738e+39
2.775000000000000000e+04 2.133058219825637998e+39
2.785000000000000000e+04 2.126290397926228915e+39
2.795000000000000000e+04 2.114745289980177363e+39
2.805000000000000000e+04 2.086081573700325568e+39
2.815000000000000000e+04 2.049853821179957259e+39
2.825000000000000000e+04 2.034725748698924232e+39
2.835000000000000000e+04 2.020393890558998637e+39
2.845000000000000000e+04 1.991730174279146841e+39
2.855000000000000000e+04 1.967047529704830084e+39
2.865000000000000000e+04 1.944753528153834109e+39
2.875000000000000000e+04 1.919274669238410223e+39
2.885000000000000000e+04 1.902156060904609677e+39
2.895000000000000000e+04 1.881852595206381523e+39
2.905000000000000000e+04 1.857169950632064464e+39
2.915000000000000000e+04 1.839255127957157394e+39
2.925000000000000000e+04 1.804619804119003040e+39
2.935000000000000000e+04 1.798250089390147220e+39
2.945000000000000000e+04 1.771975016133616206e+39
2.955000000000000000e+04 1.752069657605941314e+39
2.965000000000000000e+04 1.736941585124908590e+39
2.975000000000000000e+04 1.717036226597233698e+39
2.985000000000000000e+04 1.693946010705130896e+39
2.995000000000000000e+04 1.674040652177455702e+39
3.005000000000000000e+04 1.653737186479227549e+39
3.015000000000000000e+04 1.638609113998194522e+39
3.025000000000000000e+04 1.615917005276645285e+39
3.035000000000000000e+04 1.589243824849561008e+39
3.045000000000000000e+04 1.579689252756276976e+39
3.055000000000000000e+04 1.559783894228602386e+39
3.065000000000000000e+04 1.541470964383141450e+39
3.075000000000000000e+04 1.527139106243215249e+39
3.085000000000000000e+04 1.503252676010005621e+39
3.095000000000000000e+04 1.487726496358419333e+39
3.105000000000000000e+04 1.474588959730153825e+39
3.115000000000000000e+04 1.448711993644176678e+39
3.125000000000000000e+04 1.439157421550892645e+39
3.135000000000000000e+04 1.423233134728752792e+39
3.145000000000000000e+04 1.406114526394952246e+39
3.155000000000000000e+04 1.387801596549491612e+39
3.165000000000000000e+04 1.371479202556798195e+39
3.175000000000000000e+04 1.359137880269639665e+39
3.185000000000000000e+04 1.343213593447499812e+39
3.195000000000000000e+04 1.328881735307573914e+39
3.210000000000000000e+04 1.304995305074364135e+39
3.230000000000000000e+04 1.275137267282851646e+39
3.250000000000000000e+04 1.246473551003000002e+39
3.270000000000000000e+04 1.217809834723148055e+39
3.290000000000000000e+04 1.187553689761082304e+39
3.310000000000000000e+04 1.163667259527872374e+39
3.330000000000000000e+04 1.136197864759681120e+39
3.350000000000000000e+04 1.115098184720345837e+39
3.370000000000000000e+04 1.090017432975475516e+39
3.390000000000000000e+04 1.063742359718944804e+39
3.410000000000000000e+04 1.039855929485734874e+39
3.430000000000000000e+04 1.022339213981380915e+39
3.450000000000000000e+04 1.000841426771492068e+39
3.470000000000000000e+04 9.785474252204962435e+38
3.490000000000000000e+04 9.586420666928213518e+38
3.510000000000000000e+04 9.395329225062535888e+38
3.530000000000000000e+04 9.176370281258111777e+38
3.550000000000000000e+04 9.005184197920107829e+38
3.570000000000000000e+04 8.814092756054428687e+38
3.590000000000000000e+04 8.630963457599820832e+38
3.610000000000000000e+04 8.471720589378420792e+38
3.630000000000000000e+04 8.300534506040418355e+38
3.650000000000000000e+04 8.105461992469205082e+38
3.670000000000000000e+04 7.938256980836735266e+38
3.690000000000000000e+04 7.755127682382127411e+38
3.710000000000000000e+04 7.583941599044121952e+38
3.730000000000000000e+04 7.468490519583607943e+38
3.750000000000000000e+04 7.269436934306860537e+38
3.770000000000000000e+04 7.181853356785089986e+38
3.790000000000000000e+04 7.038534775385831007e+38
3.810000000000000000e+04 6.907159409103177447e+38
3.830000000000000000e+04 6.787727257937128550e+38
3.850000000000000000e+04 6.660332963360009123e+38
3.870000000000000000e+04 6.505071166844145481e+38
3.890000000000000000e+04 6.393601159089165604e+38
3.910000000000000000e+04 6.282131151334186483e+38
3.930000000000000000e+04 6.162699000168137586e+38
3.950000000000000000e+04 6.023361490474413495e+38
3.970000000000000000e+04 5.915872554424968505e+38
3.990000000000000000e+04 5.772553973025710283e+38
4.010000000000000000e+04 5.688951467209476130e+38
4.030000000000000000e+04 5.601367889687706335e+38
4.050000000000000000e+04 5.473973595110586907e+38
4.070000000000000000e+04 5.390371089294352755e+38
4.090000000000000000e+04 5.294825368361513184e+38
4.110000000000000000e+04 5.199279647428674369e+38
4.130000000000000000e+04 5.107714998201370441e+38
4.150000000000000000e+04 5.012169277268530870e+38
4.170000000000000000e+04 4.920604628041226187e+38
4.190000000000000000e+04 4.825058907108386616e+38
4.210000000000000000e+04 4.729513186175547045e+38
4.230000000000000000e+04 4.669797110592522975e+38
4.250000000000000000e+04 4.570270317954148516e+38
4.270000000000000000e+04 4.502592098960053915e+38
4.290000000000000000e+04 4.204011721044931295e+38
4.310000000000000000e+04 3.905033235959254657e+38
4.330000000000000000e+04 3.937678023944641794e+38
4.350000000000000000e+04 3.676917827232100229e+38
4.370000000000000000e+04 3.555893247383837528e+38
4.390000000000000000e+04 3.463532383815426321e+38
4.410000000000000000e+04 3.264876905709231043e+38
4.430000000000000000e+04 3.209540009002294745e+38
4.450000000000000000e+04 3.143056111519861063e+38
4.470000000000000000e+04 2.998145101438387903e+38
4.490000000000000000e+04 3.014069388260527831e+38
4.510000000000000000e+04 2.928476346591525857e+38
4.530000000000000000e+04 2.834124947170346828e+38
4.550000000000000000e+04 2.837707911705328454e+38
4.570000000000000000e+04 2.800285837673299905e+38
4.590000000000000000e+04 2.675280186119501561e+38
4.610000000000000000e+04 2.713896581663190652e+38
4.630000000000000000e+04 2.651791863056845119e+38
4.650000000000000000e+04 2.627905432823635038e+38
4.670000000000000000e+04 2.629497861505849597e+38
4.690000000000000000e+04 2.571772321775592215e+38
4.710000000000000000e+04 2.519222175262530640e+38
4.730000000000000000e+04 2.545895355689615067e+38
4.750000000000000000e+04 2.472245529137217757e+38
4.770000000000000000e+04 2.450349634756775497e+38
4.790000000000000000e+04 2.429249954717440139e+38
4.810000000000000000e+04 2.352017163630061580e+38
4.830000000000000000e+04 2.389439237662090506e+38
4.850000000000000000e+04 2.331315590761279862e+38
4.870000000000000000e+04 2.278765444248218287e+38
4.890000000000000000e+04 2.249305513627259513e+38
4.910000000000000000e+04 2.218651261494640198e+38
4.930000000000000000e+04 2.191978081067556149e+38
4.950000000000000000e+04 2.146195756453903807e+38
4.970000000000000000e+04 2.148186292306671251e+38
4.990000000000000000e+04 2.109968003933535423e+38
5.010000000000000000e+04 2.084887252188665177e+38
5.030000000000000000e+04 2.058214071761580750e+38
5.050000000000000000e+04 2.006858246760179716e+38
5.070000000000000000e+04 1.996507460325788857e+38
5.090000000000000000e+04 1.971426708580918234e+38
5.110000000000000000e+04 1.932412205866675881e+38
5.130000000000000000e+04 1.923653848114498826e+38
5.150000000000000000e+04 1.885833666911916638e+38
5.170000000000000000e+04 1.887426095594130442e+38
5.190000000000000000e+04 1.848411592879887711e+38
5.210000000000000000e+04 1.830496770204980339e+38
5.230000000000000000e+04 1.797055767878486678e+38
5.250000000000000000e+04 1.788695517296863263e+38
5.270000000000000000e+04 1.789491731637970165e+38
5.290000000000000000e+04 1.738932120977676034e+38
5.310000000000000000e+04 1.715841905085573232e+38
5.330000000000000000e+04 1.708277868845056719e+38
5.350000000000000000e+04 1.687576295976274812e+38
5.370000000000000000e+04 1.671253901983581432e+38
5.390000000000000000e+04 1.654135293649781151e+38
5.410000000000000000e+04 1.635822363804320138e+38
5.430000000000000000e+04 1.601585147136719387e+38
5.450000000000000000e+04 1.601585147136719387e+38
5.470000000000000000e+04 1.570134680662992981e+38
5.490000000000000000e+04 1.557793358375834678e+38
5.510000000000000000e+04 1.533906928142624974e+38
5.530000000000000000e+04 1.550229322135318353e+38
5.550000000000000000e+04 1.497679175622256778e+38
5.570000000000000000e+04 1.503252676010005470e+38
5.590000000000000000e+04 1.474588959730153788e+38
5.610000000000000000e+04 1.468219245001297816e+38
5.630000000000000000e+04 1.436370671357018148e+38
5.650000000000000000e+04 1.434778242674803967e+38
5.670000000000000000e+04 1.416465312829343332e+38
5.690000000000000000e+04 1.387005382208384370e+38
5.710000000000000000e+04 1.387801596549491461e+38
5.730000000000000000e+04 1.370682988215690991e+38
5.750000000000000000e+04 1.354360594222997611e+38
5.770000000000000000e+04 1.335649557206983337e+38
5.790000000000000000e+04 1.330474163989787907e+38
5.810000000000000000e+04 1.307782055268238556e+38
5.830000000000000000e+04 1.295042625810526614e+38
5.850000000000000000e+04 1.281108874841154129e+38
5.870000000000000000e+04 1.259212980460711680e+38
5.890000000000000000e+04 1.247667872514660279e+38
5.910000000000000000e+04 1.234132228715841434e+38
5.930000000000000000e+04 1.222985227940343673e+38
5.950000000000000000e+04 1.204672298094882661e+38
5.970000000000000000e+04 1.197108261854366337e+38
5.990000000000000000e+04 1.182776403714440212e+38
6.010000000000000000e+04 1.169638867086175007e+38
6.030000000000000000e+04 1.155307008946249072e+38
6.050000000000000000e+04 1.136994079100788249e+38
6.070000000000000000e+04 1.125448971154736659e+38
6.090000000000000000e+04 1.112311434526471265e+38
6.110000000000000000e+04 1.097183362045438427e+38
6.130000000000000000e+04 1.087628789952154470e+38
6.150000000000000000e+04 1.077676110688317062e+38
6.170000000000000000e+04 1.068519645765586556e+38
6.190000000000000000e+04 1.054984001966767711e+38
6.210000000000000000e+04 1.044633215532376852e+38
6.230000000000000000e+04 1.029903250221897466e+38
6.250000000000000000e+04 1.014775177740864439e+38
6.270000000000000000e+04 1.003628176965366678e+38
6.290000000000000000e+04 9.936754977015290811e+37
6.310000000000000000e+04 9.817322825849242292e+37
6.330000000000000000e+04 9.745663535149613559e+37
6.350000000000000000e+04 9.614288168866957732e+37
6.370000000000000000e+04 9.538647806461794489e+37
6.390000000000000000e+04 9.383386009945929714e+37
6.420000000000000000e+04 9.252010643663275776e+37
6.460000000000000000e+04 9.025089556447784156e+37
6.500000000000000000e+04 8.833998114582105015e+37
6.540000000000000000e+04 8.630963457599820455e+37
6.580000000000000000e+04 8.451815230850746731e+37
6.620000000000000000e+04 8.252761645573998570e+37
6.660000000000000000e+04 8.077594490530458412e+37
6.700000000000000000e+04 7.898446263781385634e+37
6.740000000000000000e+04 7.719298037032311911e+37
6.780000000000000000e+04 7.552093025399843606e+37
6.820000000000000000e+04 7.384888013767374357e+37
6.860000000000000000e+04 7.229626217251510527e+37
6.900000000000000000e+04 7.066402277324575788e+37
6.940000000000000000e+04 6.915121552514246467e+37
6.980000000000000000e+04 6.763840827703918091e+37
7.020000000000000000e+04 6.616541174599125169e+37
7.060000000000000000e+04 6.477203664905401267e+37
7.100000000000000000e+04 6.337866155211676421e+37
7.140000000000000000e+04 6.206490788929021539e+37
7.180000000000000000e+04 6.071134350940833091e+37
7.220000000000000000e+04 5.943740056363713664e+37
7.260000000000000000e+04 5.816345761786595180e+37
7.300000000000000000e+04 5.696913610620545717e+37
7.340000000000000000e+04 5.577481459454496253e+37
7.380000000000000000e+04 5.462030379993982244e+37
7.420000000000000000e+04 5.346579300533468235e+37
7.460000000000000000e+04 5.231128221072953281e+37
7.500000000000000000e+04 5.127620356729044690e+37
7.540000000000000000e+04 5.024112492385135155e+37
7.580000000000000000e+04 4.924585699746761075e+37
7.620000000000000000e+04 4.825058907108386994e+37
7.660000000000000000e+04 4.729513186175547423e+37
7.700000000000000000e+04 4.633967465242707852e+37
7.740000000000000000e+04 4.542402816015403736e+37
7.780000000000000000e+04 4.450838166788099619e+37
7.820000000000000000e+04 4.363254589266330013e+37
7.860000000000000000e+04 4.279652083450094916e+37
7.900000000000000000e+04 4.192068505928326254e+37
7.940000000000000000e+04 4.112447071817626611e+37
7.980000000000000000e+04 4.032825637706926969e+37
8.020000000000000000e+04 3.952806096425674537e+37
8.060000000000000000e+04 3.877165734020509877e+37
8.100000000000000000e+04 3.804710228979773202e+37
8.140000000000000000e+04 3.731458509597929531e+37
8.180000000000000000e+04 3.660993540409961056e+37
8.220000000000000000e+04 3.593315321415865888e+37
8.260000000000000000e+04 3.525637102421772136e+37
8.300000000000000000e+04 3.459551312109891433e+37
8.340000000000000000e+04 3.394659843309670988e+37
8.380000000000000000e+04 3.330962696021111747e+37
8.420000000000000000e+04 3.270848513267533281e+37
8.460000000000000000e+04 3.210734330513955287e+37
8.500000000000000000e+04 3.152212576442590813e+37
8.540000000000000000e+04 3.095283251053441277e+37
8.580000000000000000e+04 3.039150140005398266e+37
8.620000000000000000e+04 2.985405671980675771e+37
8.660000000000000000e+04 2.932059311126507011e+37
8.700000000000000000e+04 2.879509164613445719e+37
8.740000000000000000e+04 2.828153339612044213e+37
8.780000000000000000e+04 2.778389943292857645e+37
8.820000000000000000e+04 2.727830332632563136e+37
8.860000000000000000e+04 2.680455579336697085e+37
8.900000000000000000e+04 2.633478933211384296e+37
8.940000000000000000e+04 2.588492822938839234e+37
8.980000000000000000e+04 2.542710498325187176e+37
9.020000000000000000e+04 2.500113031075962631e+37
9.060000000000000000e+04 2.457913670997291821e+37
9.100000000000000000e+04 2.413325667895300021e+37
9.140000000000000000e+04 2.373913058010503934e+37
9.180000000000000000e+04 2.334102340955154113e+37
9.220000000000000000e+04 2.295884052582018757e+37
9.260000000000000000e+04 2.256073335526668936e+37
9.300000000000000000e+04 2.219447475835747100e+37
9.340000000000000000e+04 2.181627294633165006e+37
9.380000000000000000e+04 2.145399542112796433e+37
9.420000000000000000e+04 2.109968003933535328e+37
9.460000000000000000e+04 2.075332680095381220e+37
9.500000000000000000e+04 2.041095463427780374e+37
9.540000000000000000e+04 2.008052568271840022e+37
9.580000000000000000e+04 1.975407780286453169e+37
9.620000000000000000e+04 1.943161099471620050e+37
9.660000000000000000e+04 1.912506847339000687e+37
9.700000000000000000e+04 1.881852595206381561e+37
9.740000000000000000e+04 1.850402128732655202e+37
9.780000000000000000e+04 1.821738412452803331e+37
9.820000000000000000e+04 1.793074696172951696e+37
9.860000000000000000e+04 1.764410979893099825e+37
9.900000000000000000e+04 1.736941585124908448e+37
9.940000000000000000e+04 1.709472190356717308e+37
9.980000000000000000e+04 1.682799009929632927e+37
1.002000000000000000e+05 1.656922043843655544e+37
2.000000000000000000e+05 1.082851503905512480e+36
4.000000000000000000e+05 6.839481190109082862e+34
6.000000000000000000e+05 1.347990879494141708e+34
8.000000000000000000e+05 4.247803509805815821e+33
1.000000000000000000e+06 1.732164299078266710e+33
1.200000000000000000e+06 8.316458792862557850e+32
1.400000000000000000e+06 4.470743525315773891e+32
1.600000000000000000e+06 2.610388717319281626e+32
