# # excluded regions 
# #wlini1 wlend1 ........ wlini_n wlend_n
   4039.1    4140.8    4273.4    4400.1    4655.4    4683.3
   4041.1    4142.8    4275.5    4402.3    4657.7    4685.6
   4043.9    4145.8    4278.6    4405.4    4661.0    4689.0
   4036.5    4138.1    4270.7    4397.3    4652.4    4680.3
   4042.3    4144.1    4276.8    4403.6    4659.1    4687.1
   4056.1    4158.2    4291.4    4418.6    4675.0    4703.0
   4041.1    4142.8    4275.5    4402.3    4657.7    4685.6
   4049.8    4151.8    4284.7    4411.7    4667.7    4695.7
   4050.8    4152.8    4285.8    4412.8    4668.9    4696.9
   4044.5    4146.4    4279.2    4406.0    4661.7    4689.7
   4047.1    4149.1    4282.0    4408.9    4664.7    4692.7
   4039.3    4141.0    4273.7    4400.3    4655.7    4683.6
   4041.3    4143.1    4275.8    4402.6    4658.0    4686.0
   4044.4    4146.2    4279.0    4405.9    4661.5    4689.5
   4051.4    4153.4    4286.4    4413.5    4669.6    4697.6
   4046.3    4148.2    4281.0    4407.9    4663.7    4691.7
   4060.6    4162.9    4296.3    4423.6    4680.3    4708.3
   4029.0    4130.5    4262.8    4389.2    4643.8    4671.7
   4046.8    4148.7    4281.6    4408.5    4664.3    4692.3
   4047.9    4149.9    4282.8    4409.7    4665.6    4693.6
   4048.7    4150.7    4283.7    4410.6    4666.5    4694.5
   4049.6    4151.6    4284.6    4411.6    4667.5    4695.5
   4048.7    4150.7    4283.7    4410.6    4666.5    4694.5
   4054.9    4157.0    4290.2    4417.4    4673.7    4701.7
   4048.1    4150.1    4283.0    4410.0    4665.9    4693.9
   4042.7    4144.5    4277.3    4404.0    4659.6    4687.5
   4044.2    4146.0    4278.9    4405.7    4661.3    4689.3
   4054.5    4156.6    4289.8    4416.9    4673.2    4701.2
   4037.7    4139.3    4271.9    4398.6    4653.8    4681.7
   4035.5    4137.2    4269.7    4396.2    4651.3    4679.2
   4035.5    4137.2    4269.7    4396.2    4651.3    4679.2
   4035.5    4137.2    4269.7    4396.2    4651.3    4679.2
   4035.5    4137.2    4269.7    4396.2    4651.3    4679.2
   4035.5    4137.2    4269.7    4396.2    4651.3    4679.2
   4035.5    4137.2    4269.7    4396.2    4651.3    4679.2
   4035.5    4137.2    4269.7    4396.2    4651.3    4679.2
   4035.5    4137.2    4269.7    4396.2    4651.3    4679.2
   4035.5    4137.2    4269.7    4396.2    4651.3    4679.2
   4035.5    4137.2    4269.7    4396.2    4651.3    4679.2
   4035.5    4137.2    4269.7    4396.2    4651.3    4679.2
   4035.5    4137.2    4269.7    4396.2    4651.3    4679.2
   4035.5    4137.2    4269.7    4396.2    4651.3    4679.2
   4035.5    4137.2    4269.7    4396.2    4651.3    4679.2
   4035.5    4137.2    4269.7    4396.2    4651.3    4679.2
   4035.5    4137.2    4269.7    4396.2    4651.3    4679.2
   4035.5    4137.2    4269.7    4396.2    4651.3    4679.2
   4035.5    4137.2    4269.7    4396.2    4651.3    4679.2
