# # excluded regions 
# #wlini1 wlend1 ........ wlini_n wlend_n
   1196.8    1770.0	1780.0	  1980.0	1990.0     10500.0
   1197.4    1685.1	1689.3	  1966.5	1971.0     10500.0
   1198.2    1685.0	1695.0    2015.0	2025.0	   10500.0
   1197.7    1710.0	1720.0	  1987.0	1997.0	   10500.0
   1194.0    1690.0	1700.0	  1990.0	2000.0	   10500.0
   1194.0    1795.0     1805.0    1941.0        1951.0     10500.0
   1194.0    1690.0	1700.0	  2010.0	2020.0	   10500.0
   1197.3    1692.0	1702.0    1960.0	1970.0	   10500.0
   1199.9    1664.0	1674.0	  2030.0	2040.0	   10500.0
