# # excluded regions 
# #wlini1 wlend1 ........ wlini_n wlend_n
   1196.8    1356.3    1360.3    1476.0    1486.0     10500.0
   1197.4    1358.0    1362.0    1451.8    1461.8     10500.0
   1198.2    1354.0    1358.0    1471.8    1477.8     10500.0
   1196.0    1345.5    1355.5    1445.2    1455.1     10500.0
   1197.7    1348.4    1355.4    1454.2    1464.2     10500.0
   1194.0    1353.8    1358.8    1453.2    1460.2     10500.0
   1197.3    1363.0    1367.0    1421.9    1431.8     10500.0
   1199.9    1349.0    1352.0    1422.0    1427.0     10500.0
   1200.2    1316.3    1323.3    1450.3    1460.3     10500.0
   1198.4    1358.2    1365.2    1438.1    1448.0     10500.0
   1199.2    1340.0    1344.0    1454.0    1459.0     10500.0
   1196.8    1314.5    1321.5    1456.1    1466.1     10500.0
   1197.4    1351.1    1353.1    1436.9    1446.9     10500.0
   1198.3    1324.2    1326.2    1376.1    1380.1     10500.0
   1200.4    1316.4    1324.4    1445.5    1455.5     10500.0
   1198.9    1341.8    1352.7    1448.7    1458.7     10500.0
   1203.2    1346.5    1360.6    1447.8    1455.1     10500.0
   1193.8    1313.4    1316.2    1456.0    1459.0     10500.0
   1199.1    1348.9    1358.9    1458.8    1468.8     10500.0
   1199.4    1320.0    1323.0    1449.3    1454.1     10500.0
   1199.6    1358.6    1368.6    1444.5    1456.5     10500.0
   1199.9    1362.9    1372.9    1465.9    1475.9     10500.0
   1199.6    1339.6    1349.6    1461.5    1471.5     10500.0
   1201.5    1280.1    1289.1    1457.8    1468.8     10500.0
   1199.5    1358.4    1367.4    1462.8    1473.3     10500.0
   1197.8    1351.0    1354.6    1430.0    1436.5     10500.0
   1198.3    1319.1    1325.1    1448.9    1454.9     10500.0
   1201.3    1357.5    1361.5    1444.6    1467.6     10500.0
   1196.3    1350.9    1356.9    1441.6    1453.6     10500.0
   1195.7    1315.3    1323.3    1444.8    1464.8     10500.0
   1195.7    1330.3    1335.0    1447.0    1452.0     10500.0
   1195.7    1317.0    1323.3    1430.0    1440.0     10500.0
   1195.7    1309.3    1313.0    1460.8    1470.0     10500.0
   1195.7    1327.0    1335.0    1449.0    1459.0     10500.0
   1195.7    1315.3    1323.0    1429.0    1439.0     10500.0
   1195.7    1362.0    1365.2    1470.0    1475.0     10500.0
   1195.7    1343.0    1355.3    1448.0    1456.4     10500.0
   1195.7    1354.0    1359.0    1435.0    1442.0     10500.0
   1195.7    1349.3    1359.3    1454.0    1464.0     10500.0
