# # excluded regions 
# #wlini1 wlend1 ........ wlini_n wlend_n
    997.3    6103.5    6113.5    6881.4    6891.3    10573.0
    997.8    5986.8    6086.5    6884.8    6934.7    10577.9
    998.5    6125.8    6135.8    6844.7    6854.7    10585.0
    996.7    6179.3    6189.3    7016.5    7026.4    10566.6
    998.1    6058.4    6068.4    7186.3    7196.3    10580.9
   1001.5    6209.3    6219.3    6970.4    6980.4    10515.0
    997.8    6106.5    6116.5    6924.7    6934.6    10577.9
    999.9    6099.6    6109.6    7199.6    7209.6    10599.4
   1000.2    6031.2    6041.2    7161.4    7171.4    10501.9
    998.6    6078.8    6088.8    6770.8    7679.6    10586.5
    999.3    6099.7    6109.7    7000.1    7010.0    10592.9
    997.4    6098.8    6108.8    7051.3    7061.3    10573.5
    997.9    6101.9    6111.9    6870.1    6880.1    10578.6
    998.6    6047.6    6057.6    7182.0    7192.0    10586.1
   1000.3    6092.1    6102.1    6822.3    6832.3    10503.4
    999.1    6094.4    6104.4    7143.4    7153.4    10590.8
   1002.6    6110.0    6120.0    6908.1    6918.1    10526.3
    994.8    5953.7    5983.6    6883.9    6923.8    10548.2
    999.2    6240.1    6250.1    7104.4    7114.4    10592.1
    999.5    6052.9    6062.9    6946.4    6956.4    10594.9
    999.7    6073.1    6083.1    7212.7    7222.7    10596.9
    999.9    6079.4    6089.4    6900.3    7020.3    10599.0
    999.7    6013.1    6023.1    7001.8    7011.8    10596.9
   1001.2    6117.4    6127.4    7068.6    7078.6    10512.1
    999.5    5937.3    5947.3    7066.8    7076.8    10595.4
    998.2    6130.1    6187.0    6877.6    6887.6    10582.0
    998.6    6111.2    6121.2    7009.9    7019.9    10585.7
   1001.1    6112.8    6120.8    6827.6    6837.6    10511.1
    997.0    5845.6    5855.1    6822.1    6832.1    10569.5
    996.4    6073.2    6083.2    7004.9    7014.9    10564.3
    996.4    6203.2    6230.2    6831.9    6851.9    10564.3
    996.4    6230.2    6240.2    7190.0    7210.0    10564.3
    996.4    6212.2    6222.2    6914.9    6924.9    10564.3
    996.4    6310.2    6330.2    6900.0    6954.0    10564.3
    996.4    6230.2    6240.2    6834.9    6844.9    10564.3
    996.4    6245.2    6266.2    7084.9    7110.9    10564.3
    996.4    6300.2    6320.2    7010.9    7030.9    10564.3
    996.4    6170.2    6200.2    7147.9    7170.9    10564.3
    996.4    6410.0    6420.0    6760.0    6770.0    10500.0
    6100.0   6340.0    6410.0    7390.0    7450.0    7700.0
    5300.0   6060.0    6080.0    6160.0    6200.0    7000.0
    6100.0   6230.0    6240.0    7200.0    7230.0    7500.0
    5500.0    6210.0   6250.0    6745.0    6760.0    7000.0
    5300.0   6060.0    6080.0    6160.0    6200.0    7000.0
    6100.0   6195.0   6209.0     6800.0    6900.0    7200.0  
    6100.0   6195.0   6209.0     6230.0    6245.0    7200.0  
    6100.0   6180.0   6230.0     6890.0    6910.0    7200.0  
    
