# # excluded regions 
# #wlini1 wlend1 ........ wlini_n wlend_n
   999.2    1360.0    1370.0    1440.0    1450.0    11000.0	
   999.2    1270.0    1280.0    1425.0    1435.0    11000.0	
   999.2    1277.0    1285.0    1420.0    1430.0    11000.0	
   999.2    1277.0    1285.0    1420.0    1430.0    11000.0	
   999.2    1277.0    1282.0    1350.0    1360.0    11000.0	
   999.2    1285.0    1292.0    1420.0    1430.0    11000.0	
   999.2    1280.0    1287.0    1320.0    1330.0    11000.0	
   999.2    1300.0    1310.0    1350.0    1360.0    11000.0	
   999.2    1268.0    1278.0    1335.0    1345.0    11000.0	
   999.2    1287.0    1297.0    1324.0    1330.0    11000.0	
   999.2    1287.0    1297.0    1329.0    1332.0    11000.0	
   999.2    1285.0    1291.0    1380.0    1386.0    11000.0	
   999.2    1280.0    1287.0    1440.0    1450.0    11000.0	
   999.2    1280.0    1287.0    1440.0    1450.0    11000.0	
   999.2    1279.0    1282.0    1435.0    1438.0    11000.0
   999.2    1280.0    1287.0    1350.0    1360.0    11000.0
   999.2    1280.0    1287.0    1430.0    1440.0    11000.0
