# # excluded regions 
# #wlini1 wlend1 ........ wlini_n wlend_n
   1196.8    2642.0	2647.0	3040.0	3045.0	10575.7
   1197.4    2649.0	2654.0	3022.0	3027.0	10580.1
   1198.2    2655.0	2660.0	3088.0	3093.0	10586.5
   1196.0    2646.0	2650.0	3029.0	3034.0	10569.9
   1197.7    2647.0	2652.0	3080.0	3085.0	10582.8
   1194.0    2666.0	2671.0	3079.0	3085.0	10513.5
   1197.3    2672.0	2677.0	3086.0	3091.0	10580.1
   1199.9    2590.0	2595.0	3090.0	3095.0	10599.5
   1200.2    2651.0	2657.0	3022.0	3028.0	10501.7
   1198.4    2680.0	2685.0	3080.0	3085.0	10587.8
   1199.2    2641.0	2646.0	3020.0	3025.0	10593.6
   1196.8    2652.0	2657.0	3018.0	3023.0	10576.2
   1197.4    2666.0	2671.0	3045.0	3050.0	10580.8
   1198.3    2643.0	2648.0	3020.0	3025.0	10587.5
   1200.4    2645.0	2650.0	3020.0	3025.0	10503.0
   1198.9    2663.0	2667.0	3021.0	3025.0	10591.7
   1203.2    2667.0	2672.0	3047.0	3052.0 	10523.7
   1193.8    2652.0	2657.0	3079.0	3085.0	10553.4
   1199.1    2655.0	2660.0	3066.0	3071.0	10592.9
   1199.4    2662.0	2667.0 	3057.0	3062.0	10595.4
   1199.6    2645.0	2650.0	3025.0	3030.0	10597.2
   1199.9    2685.0	2690.0	3090.0	3095.0	10599.1
   1199.6    2647.0	2653.0	3015.0	3021.0	10597.2	
   1201.5    2646.3	2651.5	3088.0	3093.0  10510.9
   1199.5    2655.0	2660.0	3026.0	3031.0	10595.9
   1197.8    2652.6	2655.2	3040.0	3045.0	10583.8
   1198.3    2643.0	2653.0	3087.0	3094.0	10587.1
   1201.3    2642.0	2648.0	3062.0	3074.0	10510.0
   1196.3    2653.0	2660.0	3025.0	3035.0	10572.6
   1195.7    2653.0	2660.0	3020.0	3029.0	10567.9
   1195.7    2640.0	2650.0	3010.0	3017.6	10567.9
   1195.7    2640.0	2650.0	3035.0	3045.0	10567.9
   1195.7    2640.0	2649.0	3035.0	3045.0	10567.9
   1195.7    2666.0	2676.0	3026.0	3036.0	10567.9
   1195.7    2643.0	2653.0	3052.0	3062.0	10567.9
   1195.7    2660.0	2669.0	3015.0	3020.0	10567.9
   1195.7    2646.0	2655.0	3008.0	3015.0	10567.9
   1195.7    2636.0	2652.0	3005.0	3015.0	10567.9
   1195.7    2653.0	2670.0	3029.0	3035.0	10567.9
